199.208
154.477296863
26
27
26
4.1179
32.9613773359
130.624931969
15488.8489966
14.8335590183
0
0
1
1
1
0
0
0
2
0
0
0

KI:  0.01

381.576
386.722491579
65
68
65
8.9608
79.4291560369
436.617645885
73661.2410486
-21.275935501
3
0
3
5
1
0
0
0
1
0
0
0

KI:  0.20

223.08
187.435031841
33
38
33
7.3347
29.5138472468
240.696967192
18061.2272571
-14.0572670158
0
0
0
0
0
0
0
0
7
1
0
0

KI:  0.243000

227.8
181.337840702
31
34
31
6.7397
29.9797281996
430.559484368
24116.3333325
-12.7730060732
1
0
0
2
0
0
0
1
3
2
0
0

KI:  0.34

236.432
190.199534797
33
37
33
7.2174
33.6501787518
167.501188271
15371.8238699
-12.1330844353
0
0
0
1
0
0
0
0
6
0
0
0

KI:  0.377000

264.424
213.173045085
37
42
37
7.7528
39.3182799691
379.843735245
30859.8207446
-13.0576255571
0
0
0
1
0
0
0
1
7
2
0
0

KI:  0.40

356.68
338.695977711
57
60
57
6.5909
38.2678207369
492.299107806
38873.6332
-15.3227716997
3
0
2
5
1
0
0
0
1
0
0
0

KI:  0.40

316.288
259.026947307
44
47
44
8.7116
42.6733468434
589.199284915
35271.4700796
-14.9640370688
0
0
1
4
1
0
0
2
2
0
0
0

KI:  0.50

227.616
193.061893777
33
37
33
4.9824
57.8948955319
496.035933649
20899.99786
-14.3696412452
1
0
0
2
0
0
0
1
3
2
0
0

KI:  0.66

232.272
187.702782816
32
35
32
7.7909
37.4667370043
487.029500366
20839.1490289
-14.7057604336
1
0
0
2
0
0
0
1
3
2
0
0

KI:  0.7

175.336
136.454766797
24
27
24
3.469
29.1038569855
215.267877935
6943.9589067
-12.3025057253
0
0
0
1
0
0
0
0
5
1
1
0

KI:  0.8

247.32
197.842992498
34
38
34
6.3139
28.0372588148
131.583994739
26027.6527031
-13.2185001676
0
0
0
2
0
0
0
1
5
2
0
0

KI:  0.8

224.312
183.515281206
32
36
32
6.326
32.7246575331
155.944065274
11889.6825954
-11.7597037326
1
0
0
0
0
0
0
0
6
0
0
0

KI:  0.842000

197.752
155.68772556
27
30
27
6.2616
26.2312957892
159.691681262
10292.9571546
-9.98083352697
1
0
0
0
0
0
0
0
5
0
1
0

KI:  0.85

240.888
205.674724358
35
39
35
5.0075
63.990219378
693.91836681
23805.9380922
-16.35751604
0
0
0
1
0
0
0
1
4
2
0
0

KI:  0.990000

316.648
259.026947307
44
47
44
3.9547
21.3401103519
276.529020308
30356.6718188
-12.3764890953
0
0
1
4
1
0
0
2
2
0
0
0

KI:  1

333.056
259.807299326
44
47
44
6.3654
34.8587713022
141.719046114
30631.4853706
-11.5136635329
0
0
1
4
1
0
0
3
1
0
0
0

KI:  1

203.344
155.693965836
26
27
26
2.9723
11.2129263888
69.7253154435
11230.4556294
-0.158785003856
0
0
1
0
0
0
0
1
1
1
0
0

KI:  1

430.08
432.082852012
72
76
72
11.655
70.6259376406
594.789440998
86674.121035
-20.8625949934
3
0
3
5
1
0
0
1
1
0
0
1

KI:  1

227.64
193.061893777
33
37
33
4.2795
63.8370247573
519.517893539
20890.1023549
-15.1349832067
1
0
0
2
0
0
0
1
3
2
0
0

KI:  1

381.576
386.722491579
65
68
65
4.3966
62.8824796699
505.10579974
71841.892649
-19.5769409795
3
0
3
5
1
0
0
0
1
0
0
0

KI:  1

262.872
224.085101207
38
42
38
10.1343
33.5126260696
1121.10929472
25393.6808524
-15.400538952
0
0
0
1
0
0
0
1
4
3
0
0

KI:  1.2

244.024
194.632602139
33
37
33
8.3866
45.9484338783
380.187507944
19610.3700015
-12.6578141543
0
0
0
2
0
0
0
1
3
2
0
0

KI:  1.3

241.752
193.66607086
33
36
33
4.1671
91.8921036408
618.408037511
20822.7574308
-15.2430842682
0
0
0
2
0
0
0
1
4
2
0
0

KI:  1.3

258.4
204.289797012
35
39
35
11.2284
39.1994158826
657.962873591
24622.2483788
-15.3810987078
0
0
0
1
0
0
0
1
6
2
0
0

KI:  1.4

245.328
205.75154677
35
40
35
4.7553
74.8954956324
491.59503471
21113.2064229
-14.0290918393
0
0
0
2
0
0
0
1
4
2
0
0

KI:  1.5

226.136
188.21538386
33
38
33
5.5464
42.6194011655
168.549806591
13750.7198442
-13.7371618699
0
0
0
0
0
0
0
1
6
1
0
0

KI:  1.6

226.968
181.337840702
31
34
31
6.6143
43.2325824648
478.35580712
24680.0754006
-13.1405383874
1
0
0
2
0
0
0
1
3
2
0
0

KI:  1.6

216.536
170.866088321
28
30
28
8.5176
27.0100546684
272.777400221
15997.1195542
-8.80433479074
0
0
0
1
1
0
0
2
1
0
0
1

KI:  3800

225.28
170.408850117
29
31
29
5.9459
26.2207571218
142.351951438
11973.417712
-8.71484566094
0
0
0
1
1
0
0
2
1
1
0
1

KI:  4400

222.0
185.285522109
30
34
30
6.6684
29.1474113986
96.8249582468
24521.5249511
-10.8119510345
0
0
0
1
1
0
0
1
1
1
0
0

KI:  5200

230.808
191.650464224
31
35
31
6.4676
22.7202997221
111.576199225
22966.5504313
-9.59213531729
0
0
0
1
1
0
0
1
1
1
0
0

KI:  7200

168.256
147.564617195
25
26
25
5.4492
22.2973101488
95.0125722965
6804.7041548
-9.27453393415
0
0
1
2
2
0
0
0
1
0
0
0

KI:  8300

193.56
143.403095095
24
25
24
5.4865
18.7819799933
130.018860146
13857.604314
-8.58441153624
0
0
0
2
2
0
0
0
1
0
0
0

KI:  20000

304.848
250.941466938
44
50
44
9.6307
39.3834911011
311.974741477
54611.4387807
-15.4398963477
0
0
0
1
0
0
0
2
6
3
0
3

KI: 

275.416
219.842855898
38
43
38
8.2609
63.1284124494
617.828872046
24791.5211952
-16.0013165475
0
0
0
2
0
0
0
1
6
2
0
0

KI: 

306.248
252.153064742
43
49
43
6.2974
20.1884619642
392.525732976
54803.1662773
-12.8203704903
0
0
0
2
0
0
0
2
6
2
0
0

KI: 

276.96
226.207798013
39
44
39
6.4073
91.9621701942
413.039825301
34259.1477938
-15.4972256158
0
0
0
2
0
0
0
1
6
2
0
0

KI: 

297.184
233.900829699
40
45
40
7.3688
54.3155945948
727.979680348
32186.1803586
-13.6807173903
0
0
0
1
0
0
0
2
6
2
0
0

KI: 

316.104
262.679528956
45
51
45
13.4193
54.175975899
833.002225021
76896.0098909
-18.5700141353
0
0
0
2
0
0
0
2
6
2
0
0

KI: 

255.448
202.588934098
36
40
36
3.7468
29.9929321653
345.048897827
33106.5970761
-13.1783395597
0
0
0
1
0
0
0
1
5
2
0
3

KI: 

224.84
174.761628614
31
34
31
5.8209
33.5567153226
462.677352195
21770.1074392
-12.1064215567
0
0
0
1
0
0
0
1
5
2
0
3

KI: 

305.864
239.450691883
41
46
41
6.3469
37.8082939263
424.664254706
50629.9731656
-13.6843192948
0
0
0
1
0
0
0
2
6
3
0
0

KI: 

290.616
231.379164569
40
44
40
3.1047
70.9078629539
437.189578129
42279.6477235
-16.07779113
0
0
0
2
0
0
0
1
6
2
0
1

KI: 

332.52
279.994021724
49
55
49
10.1914
53.5077486818
1890.88162403
90829.6052088
-22.4664716246
0
0
1
3
0
0
0
3
3
3
0
1

KI: 

226.064
170.835985117
30
34
30
7.0568
38.9969450536
272.758008608
18111.9382064
-11.2777325109
0
0
0
0
0
0
0
0
7
2
1
0

KI: 

255.752
210.918900024
36
40
36
8.3711
38.1968834011
750.918242216
25074.4020552
-16.4161442525
0
0
0
2
0
0
0
1
4
2
0
0

KI:  2.1

249.536
191.591459215
33
37
33
3.7558
67.3534745404
463.035333825
21432.4558645
-13.1169565804
0
0
0
1
0
0
0
1
6
2
0
0

KI:  3

211.744
163.869116039
29
33
29
4.0585
52.3522582097
204.615447552
11074.3113841
-12.9295069425
0
0
0
0
0
0
0
0
8
3
0
0

KI: 

188.496
142.573908642
25
28
25
6.5536
28.8684442783
180.768939197
9674.3163558
-10.4203788313
0
1
0
0
0
0
0
2
5
1
1
0

KI: 

240.984
190.752850647
33
37
33
9.7269
50.4990172014
223.399435693
15295.8392942
-12.7262064147
0
2
1
3
0
0
0
2
2
0
0
0

KI: 

215.92
173.926123
30
34
30
4.4488
36.8593353574
100.690806556
14257.4366366
-9.01975252688
0
1
1
1
0
0
0
1
3
0
1
0

KI: 

209.208
161.791340748
28
32
28
8.6375
44.3993181456
308.761647674
11335.1711497
-10.1189985687
0
0
0
1
0
0
0
1
6
1
0
0

KI: 

220.32
174.340186935
30
33
30
9.4958
33.1292363149
736.528981301
19119.4224095
-12.7784277553
0
0
0
2
1
0
0
1
3
2
0
0

KI: 

221.104
172.491926639
30
35
30
4.9321
35.2126927856
275.749502512
13011.8213707
-10.4037435545
0
0
0
1
0
0
0
2
5
1
0
0

KI: 

229.928
187.01626314
32
36
32
3.3587
32.1031075088
307.676966928
33619.6448437
-13.9110510275
0
0
0
3
0
0
0
1
3
2
0
0

KI: 

274.208
246.435845201
42
44
42
4.9632
47.1284197833
313.555526969
20794.3105641
-14.9519198603
0
0
1
4
1
0
1
2
1
0
0
0

KI: 

196.992
158.240320995
27
30
27
2.7283
23.5605127943
162.070426303
12738.5316368
-9.9742509523
0
0
0
0
0
0
0
2
2
1
0
2

KI: 

205.808
148.480960082
26
29
26
8.3576
23.7124514625
232.265457258
10379.1882045
-12.5195675364
0
0
0
0
0
0
0
1
6
3
0
0

KI: 

304.096
239.63079939
41
46
41
5.1831
57.4985393885
517.971651934
36383.8447018
-13.6861014218
0
0
0
1
0
0
0
2
7
2
0
0

KI: 

192.664
147.368142394
26
29
26
8.2796
31.4055069739
144.941700123
8662.51432697
-13.3932678385
0
2
0
0
0
0
0
2
5
1
1
0

KI: 

226.744
180.681589508
31
34
31
3.4419
24.9452429874
412.050587005
24663.6373351
-11.9965446433
0
0
0
0
0
0
0
2
2
2
0
2

KI: 

174.808
129.745008441
23
26
23
3.5737
18.7399685432
118.678252537
6492.06951496
-8.84025970951
0
0
0
0
0
0
0
1
6
1
1
0

KI: 

175.76
130.17693686
23
26
23
9.9058
33.5067251163
195.940074292
7109.06969942
-12.8376019012
0
0
0
0
0
0
0
1
6
2
1
0

KI: 

243.208
233.026556156
41
47
41
3.4593
33.8239138197
164.500795866
18028.7127182
-10.4515597784
0
0
0
0
0
0
0
4
3
1
0
3

KI: 

218.016
207.985254895
36
41
36
4.7471
26.1596078516
175.589960715
15275.8203651
-10.8013774994
0
0
0
0
0
0
0
2
3
1
0
3

KI: 

206.368
157.448780606
27
30
27
7.2329
49.753377923
355.426889777
15932.1306818
-12.2736779388
0
0
0
2
0
0
0
1
3
2
0
0

KI:  6

398.952
403.095427706
68
72
68
6.9724
47.2698991842
436.995052084
52824.0826311
-16.9037379593
3
0
3
4
1
0
0
0
1
0
0
0

KI:  6

234.04
195.27889058
33
37
33
4.8186
63.044626109
385.786860059
21947.7792573
-11.9968395728
0
0
0
1
0
0
0
1
4
2
0
0

KI:  6.5

199.208
154.477296863
26
27
26
3.9553
35.5499919031
161.883513118
15553.2289543
-9.97716887158
0
0
1
1
1
0
0
0
2
0
0
0

KI:  7.5

306.968
269.319074142
46
49
46
6.1308
41.4298754631
599.732661431
31386.2803218
-18.1419773552
1
0
1
4
1
0
1
2
1
0
0
0

KI: 

215.688
168.661510951
29
32
29
2.3307
88.1566903626
364.869413962
15164.9125823
-16.5535249074
0
0
0
1
0
0
0
1
5
2
0
0

KI: 

281.416
244.919746925
40
43
40
7.248
62.8829375721
354.461605538
25021.4094347
-14.0817147862
0
1
0
1
1
0
0
1
3
0
0
2

KI: 

227.048
174.228082917
30
34
30
1.5008
14.6691426631
122.425381614
19215.2563901
-9.72411311545
0
1
0
2
0
0
0
1
4
0
0
0

KI: 

203.848
159.78908273
28
32
28
6.6065
60.5917120832
381.300157516
21690.3248538
-14.1143954809
0
0
0
0
0
0
0
1
6
2
0
0

KI: 

263.952
236.220666848
40
43
40
6.1695
33.255895785
229.556774949
26755.7958477
-15.9297239885
1
0
2
3
2
0
0
0
2
0
0
0

KI: 

152.768
104.636424145
18
20
18
0.9131
46.1919414593
132.608934279
6306.76004271
-9.1940075225
0
0
0
0
0
0
0
2
1
1
1
0

KI: 

173.096
149.065374884
24
27
24
6.4851
18.7507974257
126.667014912
11179.4834626
-10.7825145637
0
0
0
0
0
0
0
1
2
2
0
2

KI: 

183.92
137.842157597
24
27
24
7.1317
29.6937801292
210.311428388
14691.5541956
-10.0946072744
0
0
0
1
0
0
0
1
3
1
0
0

KI: 

259.944
214.736698173
37
40
37
9.8231
28.0673498127
470.452964346
25386.0311236
-12.2662168509
0
0
0
1
0
0
0
0
7
1
1
1

KI: 

206.472
160.810952667
28
32
28
4.9576
40.532598704
274.441862271
17970.5614312
-11.0194056751
0
0
0
0
0
0
0
1
6
1
0
0

KI: 

139.904
96.9368967187
16
18
16
2.8667
27.7065948
95.9023485602
6837.54573259
-6.87216401417
0
0
0
0
0
0
0
1
1
1
0
0

KI: 

152.768
104.636424145
18
20
18
3.5406
43.9475257464
51.6986032886
6469.39971981
-9.34415046552
0
0
0
0
0
0
0
2
1
1
1
0

KI: 

161.032
123.136511496
21
23
21
3.239
23.2820643075
172.945729639
10451.9312794
-7.73911858914
0
1
1
1
0
0
0
2
1
0
0
0

KI: 

152.776
107.49355511
18
19
18
3.8192
13.5863001995
51.2433297088
7760.75222737
-6.93408225901
0
0
0
2
0
0
0
1
1
0
0
0

KI: 

179.464
130.526705566
21
22
21
3.0464
15.376924752
133.517387739
12718.4796016
-6.83742508823
0
0
0
2
0
0
0
1
1
0
0
1

KI: 

98.632
64.1054072769
11
12
11
7.0697
16.9386139102
61.6268706184
1947.56525924
-10.0294630032
0
0
0
0
0
0
0
1
2
1
0
0

KI: 

220.4
173.292706323
29
31
29
7.0335
22.1962678516
114.810942455
20319.6032182
-10.4876478497
0
0
0
1
1
0
0
2
1
0
0
0

KI:  34

216.648
171.093299611
29
31
29
7.216
18.265469804
251.01548513
17561.3826868
-10.5755305552
0
0
0
1
1
0
0
2
1
0
0
1

KI:  320

229.056
185.453206077
31
35
31
4.3964
26.0365261062
110.151671224
28702.5383695
-8.95104023663
0
0
0
1
1
0
0
1
1
1
0
0

KI:  470

